### 1500 RI 0 0 0 5 7
### 2000 SI 0 0 0 5
### 2500 RR 0 0 0 5
### 2750 RR 0 0 0 5
### 3000 ST 0 0 0 4
### 3250 DT 0 0 0 4
### 3500 RR 0 0 0 6
### 3750 RR 0 0 0 6
### 4000 ST 0 0 0 5
### 4250 DT 0 0 0 5
### 4500 RR 0 0 0 7
### 4750 RR 0 0 0 7
### 5000 SE 0 0 0 23
### 2000 RI 1 0 1 5 7
### 2500 SI 1 0 1 5
### 3000 RR 1 0 1 5
### 3250 RR 1 0 1 5
### 3500 ST 1 0 1 4
### 3750 DT 1 0 1 4
### 4000 RR 1 0 1 6
### 4250 RR 1 0 1 6
### 4500 ST 1 0 1 5
### 4750 DT 1 0 1 5
### 5000 RR 1 0 1 7
### 5250 RR 1 0 1 7
### 5500 SE 1 0 1 23
### 3000 RI 2 0 2 5 7
### 3500 SI 2 0 2 5
### 4000 RR 2 0 2 5
### 4250 RR 2 0 2 5
### 4500 ST 2 0 2 4
### 4750 DT 2 0 2 4
### 5000 RR 2 0 2 6
### 5250 RR 2 0 2 6
### 5500 ST 2 0 2 5
### 5750 DT 2 0 2 5
### 6000 RR 2 0 2 7
### 6250 RR 2 0 2 7
### 6500 SE 2 0 2 23
### 5000 RI 3 0 3 5 7
### 5500 SI 3 0 3 5
### 6000 RR 3 0 3 5
### 6250 RR 3 0 3 5
### 6500 ST 3 0 3 4
### 6750 DT 3 0 3 4
### 7000 RR 3 0 3 6
### 7250 RR 3 0 3 6
### 7500 ST 3 0 3 5
### 7750 DT 3 0 3 5
### 8000 RR 3 0 3 7
### 8250 RR 3 0 3 7
### 8500 SE 3 0 3 23
### 7000 RI 4 0 4 5 7
### 7500 SI 4 0 4 5
### 8000 RR 4 0 4 5
### 8250 RR 4 0 4 5
### 8500 ST 4 0 4 4
### 8750 DT 4 0 4 4
### 9000 RR 4 0 4 6
### 9250 RR 4 0 4 6
### 9500 ST 4 0 4 5
### 9750 DT 4 0 4 5
### 10000 RR 4 0 4 7
### 10250 RR 4 0 4 7
### 10500 SE 4 0 4 23
### 2500 RI 6 1 0 5 7
### 3000 SI 6 1 0 5
### 3500 RR 6 1 0 5
### 3750 RR 6 1 0 5
### 4000 ST 6 1 0 4
### 4250 DT 6 1 0 4
### 4500 RR 6 1 0 6
### 4750 RR 6 1 0 6
### 5000 ST 6 1 0 5
### 5250 DT 6 1 0 5
### 5500 RR 6 1 0 7
### 5750 RR 6 1 0 7
### 6000 SE 6 1 0 23
### 3500 RI 7 1 1 5 7
### 4000 SI 7 1 1 5
### 4500 RR 7 1 1 5
### 4750 RR 7 1 1 5
### 5000 ST 7 1 1 4
### 5250 DT 7 1 1 4
### 5500 RR 7 1 1 6
### 5750 RR 7 1 1 6
### 6000 ST 7 1 1 5
### 6250 DT 7 1 1 5
### 6500 RR 7 1 1 7
### 6750 RR 7 1 1 7
### 7000 SE 7 1 1 23
### 5500 RI 8 1 2 5 7
### 6000 SI 8 1 2 5
### 6500 RR 8 1 2 5
### 6750 RR 8 1 2 5
### 7000 ST 8 1 2 4
### 7250 DT 8 1 2 4
### 7500 RR 8 1 2 6
### 7750 RR 8 1 2 6
### 8000 ST 8 1 2 5
### 8250 DT 8 1 2 5
### 8500 RR 8 1 2 7
### 8750 RR 8 1 2 7
### 9000 SE 8 1 2 23
### 7500 RI 9 1 3 5 7
### 8000 SI 9 1 3 5
### 8500 RR 9 1 3 5
### 8750 RR 9 1 3 5
### 9000 ST 9 1 3 4
### 9250 DT 9 1 3 4
### 9500 RR 9 1 3 6
### 9750 RR 9 1 3 6
### 10000 ST 9 1 3 5
### 10250 DT 9 1 3 5
### 10500 RR 9 1 3 7
### 10750 RR 9 1 3 7
### 11000 SE 9 1 3 23
### 9000 RI 10 1 4 5 7
### 9500 SI 10 1 4 5
### 10000 RR 10 1 4 5
### 10250 RR 10 1 4 5
### 10500 ST 10 1 4 4
### 10750 DT 10 1 4 4
### 11000 RR 10 1 4 6
### 11250 RR 10 1 4 6
### 11500 ST 10 1 4 5
### 11750 DT 10 1 4 5
### 12000 RR 10 1 4 7
### 12250 RR 10 1 4 7
### 12500 SE 10 1 4 23
### 4000 RI 14 2 0 5 7
### 4500 SI 14 2 0 5
### 5000 RR 14 2 0 5
### 5250 RR 14 2 0 5
### 5500 ST 14 2 0 4
### 5750 DT 14 2 0 4
### 6000 RR 14 2 0 6
### 6250 RR 14 2 0 6
### 6500 ST 14 2 0 5
### 6750 DT 14 2 0 5
### 7000 RR 14 2 0 7
### 7250 RR 14 2 0 7
### 7500 SE 14 2 0 23
### 6000 RI 15 2 1 5 7
### 6500 SI 15 2 1 5
### 7000 RR 15 2 1 5
### 7250 RR 15 2 1 5
### 7500 ST 15 2 1 4
### 7750 DT 15 2 1 4
### 8000 RR 15 2 1 6
### 8250 RR 15 2 1 6
### 8500 ST 15 2 1 5
### 8750 DT 15 2 1 5
### 9000 RR 15 2 1 7
### 9250 RR 15 2 1 7
### 9500 SE 15 2 1 23
### 8000 RI 16 2 2 5 7
### 8500 SI 16 2 2 5
### 9000 RR 16 2 2 5
### 9250 RR 16 2 2 5
### 9500 ST 16 2 2 4
### 9750 DT 16 2 2 4
### 10000 RR 16 2 2 6
### 10250 RR 16 2 2 6
### 10500 ST 16 2 2 5
### 10750 DT 16 2 2 5
### 11000 RR 16 2 2 7
### 11250 RR 16 2 2 7
### 11500 SE 16 2 2 23
### 9500 RI 17 2 3 5 7
### 10000 SI 17 2 3 5
### 10500 RR 17 2 3 5
### 10750 RR 17 2 3 5
### 11000 ST 17 2 3 4
### 11250 DT 17 2 3 4
### 11500 RR 17 2 3 6
### 11750 RR 17 2 3 6
### 12000 ST 17 2 3 5
### 12250 DT 17 2 3 5
### 12500 RR 17 2 3 7
### 12750 RR 17 2 3 7
### 13000 SE 17 2 3 23
### 11000 RI 18 2 4 5 7
### 11500 SI 18 2 4 5
### 12000 RR 18 2 4 5
### 12250 RR 18 2 4 5
### 12500 ST 18 2 4 4
### 12750 DT 18 2 4 4
### 13000 RR 18 2 4 6
### 13250 RR 18 2 4 6
### 13500 ST 18 2 4 5
### 13750 DT 18 2 4 5
### 14000 RR 18 2 4 7
### 14250 RR 18 2 4 7
### 14500 SE 18 2 4 23
### 4500 RI 24 3 0 5 7
### 5000 SI 24 3 0 5
### 5500 RR 24 3 0 5
### 5750 RR 24 3 0 5
### 6000 ST 24 3 0 4
### 6250 DT 24 3 0 4
### 6500 RR 24 3 0 6
### 6750 RR 24 3 0 6
### 7000 ST 24 3 0 5
### 7250 DT 24 3 0 5
### 7500 RR 24 3 0 7
### 7750 RR 24 3 0 7
### 8000 SE 24 3 0 23
### 6500 RI 25 3 1 5 7
### 7000 SI 25 3 1 5
### 7500 RR 25 3 1 5
### 7750 RR 25 3 1 5
### 8000 ST 25 3 1 4
### 8250 DT 25 3 1 4
### 8500 RR 25 3 1 6
### 8750 RR 25 3 1 6
### 9000 ST 25 3 1 5
### 9250 DT 25 3 1 5
### 9500 RR 25 3 1 7
### 9750 RR 25 3 1 7
### 10000 SE 25 3 1 23
### 8500 RI 26 3 2 5 7
### 9000 SI 26 3 2 5
### 9500 RR 26 3 2 5
### 9750 RR 26 3 2 5
### 10000 ST 26 3 2 4
### 10250 DT 26 3 2 4
### 10500 RR 26 3 2 6
### 10750 RR 26 3 2 6
### 11000 ST 26 3 2 5
### 11250 DT 26 3 2 5
### 11500 RR 26 3 2 7
### 11750 RR 26 3 2 7
### 12000 SE 26 3 2 23
### 10000 RI 27 3 3 5 7
### 10500 SI 27 3 3 5
### 11000 RR 27 3 3 5
### 11250 RR 27 3 3 5
### 11500 ST 27 3 3 4
### 11750 DT 27 3 3 4
### 12000 RR 27 3 3 6
### 12250 RR 27 3 3 6
### 12500 ST 27 3 3 5
### 12750 DT 27 3 3 5
### 13000 RR 27 3 3 7
### 13250 RR 27 3 3 7
### 13500 SE 27 3 3 23
### 11500 RI 28 3 4 5 7
### 12000 SI 28 3 4 5
### 12500 RR 28 3 4 5
### 12750 RR 28 3 4 5
### 13000 ST 28 3 4 4
### 13250 DT 28 3 4 4
### 13500 RR 28 3 4 6
### 13750 RR 28 3 4 6
### 14000 ST 28 3 4 5
### 14250 DT 28 3 4 5
### 14500 RR 28 3 4 7
### 14750 RR 28 3 4 7
### 15000 SE 28 3 4 23
### 10500 RI 68 4 0 5 7
### 11000 SI 68 4 0 5
### 11500 RR 68 4 0 5
### 11750 RR 68 4 0 5
### 12000 ST 68 4 0 4
### 12250 DT 68 4 0 4
### 12500 RR 68 4 0 6
### 12750 RR 68 4 0 6
### 13000 ST 68 4 0 5
### 13250 DT 68 4 0 5
### 13500 RR 68 4 0 7
### 13750 RR 68 4 0 7
### 14000 SE 68 4 0 23
### 12000 RI 69 4 1 5 7
### 12500 SI 69 4 1 5
### 13000 RR 69 4 1 5
### 13250 RR 69 4 1 5
### 13500 ST 69 4 1 4
### 13750 DT 69 4 1 4
### 14000 RR 69 4 1 6
### 14250 RR 69 4 1 6
### 14500 ST 69 4 1 5
### 14750 DT 69 4 1 5
### 15000 RR 69 4 1 7
### 15250 RR 69 4 1 7
### 15500 SE 69 4 1 23
### 12500 RI 70 4 2 5 7
### 13000 SI 70 4 2 5
### 13500 RR 70 4 2 5
### 13750 RR 70 4 2 5
### 14000 ST 70 4 2 4
### 14250 DT 70 4 2 4
### 14500 RR 70 4 2 6
### 14750 RR 70 4 2 6
### 15000 ST 70 4 2 5
### 15250 DT 70 4 2 5
### 15500 RR 70 4 2 7
### 15750 RR 70 4 2 7
### 16000 SE 70 4 2 23
### 13000 RI 71 4 3 5 7
### 13500 SI 71 4 3 5
### 14000 RR 71 4 3 5
### 14250 RR 71 4 3 5
### 14500 ST 71 4 3 4
### 14750 DT 71 4 3 4
### 15000 RR 71 4 3 6
### 15250 RR 71 4 3 6
### 15500 ST 71 4 3 5
### 15750 DT 71 4 3 5
### 16000 RR 71 4 3 7
### 16250 RR 71 4 3 7
### 16500 SE 71 4 3 23
### 13500 RI 72 4 4 5 7
### 14000 SI 72 4 4 5
### 14500 RR 72 4 4 5
### 14750 RR 72 4 4 5
### 15000 ST 72 4 4 4
### 15250 DT 72 4 4 4
### 15500 RR 72 4 4 6
### 15750 RR 72 4 4 6
### 16000 ST 72 4 4 5
### 16250 DT 72 4 4 5
### 16500 RR 72 4 4 7
### 16750 RR 72 4 4 7
### 17000 SE 72 4 4 23
